0.4210174083709717
0.5151569843292236
-0.9762144088745117
-0.03506124019622803
-2.3491768836975098
0.6079709529876709
1.1463576555252075
2.5821852684020996
-4.496201515197754
1.6674602031707764
-0.8805131912231445
4.963502883911133
2.8263473510742188
0.5234181880950928
-0.3159821033477783
3.1695289611816406
-1.9979989528656006
1.2180119752883911
3.572420597076416
1.338905692100525
-0.41107118129730225
1.2780606746673584
-4.771665573120117
2.6675896644592285
-3.6284847259521484
-1.348622441291809
4.44017219543457
3.5522241592407227
1.8259954452514648
4.307168960571289
4.888791561126709
-4.102428436279297
-1.9998455047607422
-4.499497890472412
4.609222412109375
2.5880110263824463
3.8070929050445557
4.700834274291992
3.3664631843566895
1.1230993270874023
2.733046531677246
-0.8154010772705078
1.9453364610671997
0.4171872138977051
4.959277629852295
-3.708136558532715
-1.6455942392349243
-4.236889839172363
-1.101977825164795
-0.6529593467712402
-4.056041717529297
-3.040071725845337
-2.8574962615966797
-0.7563316822052002
-1.561952829360962
4.604742050170898
1.8310070037841797
-3.306750774383545
-3.119401454925537
-0.4514414072036743
4.425015926361084
0.1381540298461914
3.4955787658691406
0.5162280797958374
4.9014129638671875
4.328587532043457
-2.538774013519287
4.890439510345459
-4.641260147094727
4.563613414764404
-2.401655912399292
-2.3402178287506104
3.0375266075134277
1.5962493419647217
-3.027341842651367
3.530862808227539
-2.245326519012451
2.202615261077881
4.411231994628906
-2.795506000518799
-1.2480968236923218
0.41515052318573
-2.067049026489258
-3.1840615272521973
-4.041726112365723
4.419893741607666
-4.906935214996338
-4.460782527923584
0.6667530536651611
4.117818832397461
-4.758207321166992
-3.6445140838623047
0.6248539686203003
4.350242614746094
-1.3030081987380981
4.985462188720703
4.539336681365967
-1.2117135524749756
-2.1691107749938965
-4.014072895050049
0.9949678182601929
-0.5135959386825562
-4.929123878479004
-2.9897170066833496
-3.2126498222351074
-2.900023937225342
2.814359664916992
-3.7668263912200928
-0.33019542694091797
-3.233041763305664
0.25768816471099854
-2.060828685760498
0.5143219232559204
4.653597831726074
2.139124870300293
1.2755203247070312
-0.11342346668243408
0.1642143726348877
4.395895957946777
-2.8310532569885254
4.034998416900635
-1.1849641799926758
1.7352962493896484
-1.5934669971466064
-4.706087589263916
0.7721030712127686
2.1198558807373047
-2.1193532943725586
1.900736689567566
0.0532376766204834
3.1665711402893066
-0.0020581483840942383
2.227245569229126
-0.6059342622756958
-4.539799690246582
0.2524155378341675
-1.5751051902770996
-4.221889495849609
-2.219381809234619
-2.0374698638916016
4.484206199645996
1.7931896448135376
1.6101348400115967
0.7172209024429321
0.205230712890625
-2.7822465896606445
4.172102928161621
-0.89557945728302
3.356013298034668
3.850827217102051
1.8346071243286133
2.0099902153015137
1.355106234550476
-4.2711873054504395
4.005105018615723
-0.04589200019836426
-4.1749067306518555
-2.44368314743042
-3.8836188316345215
-3.0078506469726562
-0.6579005718231201
2.3505969047546387
-2.88938570022583
-2.29689359664917
2.751518487930298
4.355506420135498
-3.5185890197753906
1.0558760166168213
-2.244023084640503
-3.5249650478363037
-4.468745231628418
